ISS (ZARYA)             
1 25544U 98067A   26173.73662978  .00008151  00000+0  15395-3 0  9997
2 25544  51.6325 272.6245 0004455 218.9710 141.0958 15.49373286572615
POISK                   
1 36086U 09060A   26173.73662978  .00008151  00000+0  15395-3 0  9995
2 36086  51.6325 272.6245 0004455 218.9710 141.0958 15.49373286571639
CSS (TIANHE)            
1 48274U 21035A   26173.79934437  .00019288  00000+0  22604-3 0  9995
2 48274  41.4690 287.8422 0007495 126.6013 233.5516 15.61031089294046
ISS (NAUKA)             
1 49044U 21066A   26173.73662978  .00008151  00000+0  15395-3 0  9993
2 49044  51.6325 272.6245 0004455 218.9710 141.0958 15.49373286571682
FREGAT DEB              
1 49271U 11037PF  26173.52075518  .00006768  00000+0  11689-1 0  9999
2 49271  51.6259 345.8744 0899850 293.9812  56.9404 12.42146251225714
CSS (WENTIAN)           
1 53239U 22085A   26173.79934437  .00019288  00000+0  22604-3 0  9998
2 53239  41.4690 287.8422 0007495 126.6013 233.5516 15.61031089288237
CSS (MENGTIAN)          
1 54216U 22143A   26173.79934437  .00019288  00000+0  22604-3 0  9999
2 54216  41.4690 287.8422 0007495 126.6013 233.5516 15.61031089293914
HRC MONOBLOCK CAMERA    
1 66052U 98067XR  26173.46991352  .00060707  00000+0  40579-3 0  9994
2 66052  51.6229 252.0232 0002252 328.6875  31.3990 15.74714050 38833
SZ-21 MODULE            
1 66515U 25246C   26173.34666017  .00038399  00000+0  23227-3 0  9994
2 66515  41.4725 275.1818 0005474  28.5269 331.5874 15.76805453 34554
SOYUZ-MS 28             
1 66664U 25275A   26173.73662978  .00008151  00000+0  15395-3 0  9996
2 66664  51.6325 272.6245 0004455 218.9710 141.0958 15.49373286571780
DUPLEX                  
1 66906U 98067XS  26173.29596490  .00030927  00000+0  33940-3 0  9992
2 66906  51.6258 263.6662 0002896 232.9984 127.0746 15.62935752 31454
ISS OBJECT XY           
1 66912U 98067XY  26172.47043092  .00624811  19446-3  96839-3 0  9998
2 66912  51.6148 251.1926 0012105 340.5173  19.5374 16.03419946 31533
KNACKSAT-2              
1 67683U 98067XZ  26173.53867741  .00038699  00000+0  46548-3 0  9994
2 67683  51.6293 267.5508 0008770 238.8673 121.1461 15.60406263 21114
CORAL                   
1 67684U 98067YA  26173.51788918  .00182121  00000+0  10050-2 0  9999
2 67684  51.6198 260.6034 0008999 288.7155  71.2868 15.78525452 21206
GXIBA-1                 
1 67685U 98067YB  26173.47132300  .00045721  00000+0  51370-3 0  9998
2 67685  51.6264 267.0943 0009757 237.0845 122.9211 15.62090964 21111
UITMSAT-2               
1 67686U 98067YC  26173.72704373  .00065968  00000+0  64287-3 0  9998
2 67686  51.6256 264.2990 0005058 237.7236 122.3270 15.65595225 21173
LEOPARD                 
1 67687U 98067YD  26173.43530113  .00041823  00000+0  48302-3 0  9990
2 67687  51.6296 267.6204 0005630 220.8297 139.2275 15.61455724 21020
HMU-SAT2                
1 67688U 98067YE  26173.53061568  .00055653  00000+0  58120-3 0  9990
2 67688  51.6279 265.9991 0005215 229.5672 130.4868 15.63919386 21053
CREW DRAGON 12          
1 67796U 26031A   26173.73662978  .00008151  00000+0  15395-3 0  9994
2 67796  51.6325 272.6245 0004455 218.9710 141.0958 15.49373286624966
PROGRESS-MS 33          
1 68319U 26058A   26173.73662978  .00008151  00000+0  15395-3 0  9995
2 68319  51.6325 272.6245 0004455 218.9710 141.0958 15.49373286571835
CYGNUS NG-24            
1 68689U 26079A   26173.73662978  .00008151  00000+0  15395-3 0  9998
2 68689  51.6325 272.6245 0004455 218.9710 141.0958 15.49373286678158
PROGRESS-MS 34          
1 68837U 26093A   26173.73662978  .00008151  00000+0  15395-3 0  9999
2 68837  51.6325 272.6245 0004455 218.9710 141.0958 15.49373286695882
TIANZHOU-10             
1 69049U 26102A   26173.79934437  .00019288  00000+0  22604-3 0  9998
2 69049  41.4690 287.8422 0007495 126.6013 233.5516 15.61031089  6736
SHENZHOU-23 (SZ-23)     
1 69180U 26113A   26173.79934437  .00019288  00000+0  22604-3 0  9996
2 69180  41.4690 287.8422 0007495 126.6013 233.5516 15.61031089293640
